30.5 30.0 1.0
30.5 30.0 0.0
30.5 29.0 1.0
-1
30.5 30.0 0.0
30.5 29.0 0.0
30.5 29.0 1.0
-1
30.0 24.5 1.0
30.0 24.5 0.0
30.5 24.0 0.0
-1
30.5 24.0 1.0
30.0 24.5 1.0
30.5 24.0 0.0
-1
29.5 25.0 0.0
30.0 24.5 1.0
29.5 25.0 1.0
-1
30.0 24.5 0.0
30.0 24.5 1.0
29.5 25.0 0.0
-1
38.5 25.0 0.0
38.5 26.0 0.0
39.0 26.0 0.5
-1
39.0 25.0 0.5
38.5 25.0 0.0
39.0 26.0 0.5
-1
38.5 29.0 1.0
38.5 28.0 1.0
38.5 29.0 0.0
-1
38.5 29.0 0.0
38.5 28.0 1.0
38.5 28.0 0.0
-1
39.0 24.5 1.0
39.0 25.0 0.5
39.5 25.0 1.0
-1
39.0 25.0 0.5
39.0 24.5 1.0
38.5 24.0 1.0
-1
39.0 25.0 0.5
38.5 24.0 1.0
38.5 25.0 0.0
-1
38.5 25.0 0.0
38.5 24.0 1.0
38.5 24.0 0.0
-1
38.0 23.5 0.0
38.5 23.0 1.0
38.0 23.0 0.5
-1
38.0 23.5 0.0
38.5 24.0 0.0
38.5 23.0 1.0
-1
38.5 24.0 0.0
38.5 24.0 1.0
38.5 23.0 1.0
-1
29.5 28.0 1.0
29.5 28.0 0.0
29.5 27.0 1.0
-1
29.5 28.0 0.0
29.5 27.0 0.0
29.5 27.0 1.0
-1
30.5 23.0 1.0
31.0 23.0 0.5
31.0 22.5 1.0
-1
33.0 31.5 0.0
32.5 31.0 1.0
33.0 31.5 1.0
-1
32.5 31.0 0.0
32.5 31.0 1.0
33.0 31.5 0.0
-1
32.5 22.0 0.0
33.0 21.5 1.0
32.5 22.0 1.0
-1
33.0 21.5 0.0
33.0 21.5 1.0
32.5 22.0 0.0
-1
31.0 30.5 1.0
32.0 30.5 1.0
31.0 30.5 0.0
-1
32.0 30.5 1.0
32.0 30.5 0.0
31.0 30.5 0.0
-1
39.0 26.0 0.5
39.5 25.0 1.0
39.0 25.0 0.5
-1
39.5 26.0 1.0
39.5 25.0 1.0
39.0 26.0 0.5
-1
38.0 23.0 0.5
37.5 23.0 0.0
38.0 23.5 0.0
-1
36.0 31.0 0.5
36.5 31.0 1.0
37.0 30.5 1.0
-1
36.0 31.0 0.5
37.0 30.5 1.0
36.0 30.5 0.0
-1
36.0 30.5 0.0
37.0 30.5 1.0
37.0 30.5 0.0
-1
39.0 27.5 1.0
39.0 27.0 0.5
38.5 27.0 0.0
-1
39.0 27.5 1.0
38.5 27.0 0.0
38.5 28.0 1.0
-1
38.5 28.0 1.0
38.5 27.0 0.0
38.5 28.0 0.0
-1
36.0 31.5 1.0
36.5 31.0 1.0
36.0 31.0 0.5
-1
32.5 31.0 1.0
32.5 31.0 0.0
32.0 30.5 0.0
-1
32.0 30.5 1.0
32.5 31.0 1.0
32.0 30.5 0.0
-1
37.0 22.0 0.5
36.5 22.0 0.0
37.0 22.5 0.0
-1
37.0 21.5 1.0
37.0 22.0 0.5
37.5 22.0 1.0
-1
38.5 26.0 0.0
38.5 27.0 0.0
39.0 27.0 0.5
-1
39.0 26.0 0.5
38.5 26.0 0.0
39.0 27.0 0.5
-1
35.0 21.5 1.0
35.0 21.5 0.0
36.0 21.5 1.0
-1
36.0 21.5 1.0
35.0 21.5 0.0
36.0 21.5 0.0
-1
31.0 23.0 0.5
31.0 23.5 0.0
31.5 23.0 0.0
-1
31.0 23.0 0.5
30.5 24.0 0.0
31.0 23.5 0.0
-1
31.0 23.0 0.5
30.5 23.0 1.0
30.5 24.0 0.0
-1
30.5 23.0 1.0
30.5 24.0 1.0
30.5 24.0 0.0
-1
39.0 27.5 1.0
39.5 27.0 1.0
39.0 27.0 0.5
-1
35.5 31.0 0.0
36.0 31.0 0.5
36.0 30.5 0.0
-1
35.5 31.0 0.0
36.0 31.5 1.0
36.0 31.0 0.5
-1
35.5 31.0 0.0
35.0 31.5 0.0
36.0 31.5 1.0
-1
35.0 31.5 0.0
35.0 31.5 1.0
36.0 31.5 1.0
-1
29.5 27.0 1.0
29.5 27.0 0.0
29.5 26.0 1.0
-1
29.5 27.0 0.0
29.5 26.0 0.0
29.5 26.0 1.0
-1
32.0 22.5 1.0
32.0 22.5 0.0
32.5 22.0 0.0
-1
32.5 22.0 1.0
32.0 22.5 1.0
32.5 22.0 0.0
-1
34.0 31.5 1.0
35.0 31.5 1.0
34.0 31.5 0.0
-1
35.0 31.5 1.0
35.0 31.5 0.0
34.0 31.5 0.0
-1
38.0 22.5 1.0
38.0 23.0 0.5
38.5 23.0 1.0
-1
37.0 22.5 0.0
37.5 23.0 0.0
38.0 23.0 0.5
-1
37.0 22.0 0.5
37.0 22.5 0.0
38.0 23.0 0.5
-1
37.0 22.0 0.5
38.0 23.0 0.5
38.0 22.5 1.0
-1
37.0 22.0 0.5
38.0 22.5 1.0
37.5 22.0 1.0
-1
33.0 31.5 1.0
34.0 31.5 1.0
33.0 31.5 0.0
-1
34.0 31.5 1.0
34.0 31.5 0.0
33.0 31.5 0.0
-1
29.5 26.0 1.0
29.5 26.0 0.0
29.5 25.0 1.0
-1
29.5 26.0 0.0
29.5 25.0 0.0
29.5 25.0 1.0
-1
30.0 28.5 0.0
29.5 28.0 1.0
30.0 28.5 1.0
-1
29.5 28.0 0.0
29.5 28.0 1.0
30.0 28.5 0.0
-1
37.0 22.0 0.5
36.0 21.5 0.0
36.5 22.0 0.0
-1
37.0 22.0 0.5
37.0 21.5 1.0
36.0 21.5 0.0
-1
37.0 21.5 1.0
36.0 21.5 1.0
36.0 21.5 0.0
-1
37.5 30.0 0.0
37.5 30.0 1.0
38.0 29.5 1.0
-1
38.0 29.5 0.0
37.5 30.0 0.0
38.0 29.5 1.0
-1
38.0 29.5 1.0
38.5 29.0 0.0
38.0 29.5 0.0
-1
38.5 29.0 1.0
38.5 29.0 0.0
38.0 29.5 1.0
-1
31.5 23.0 0.0
31.0 22.5 1.0
31.0 23.0 0.5
-1
31.5 23.0 0.0
32.0 22.5 0.0
31.0 22.5 1.0
-1
32.0 22.5 0.0
32.0 22.5 1.0
31.0 22.5 1.0
-1
34.0 21.5 1.0
34.0 21.5 0.0
35.0 21.5 1.0
-1
35.0 21.5 1.0
34.0 21.5 0.0
35.0 21.5 0.0
-1
31.0 30.5 0.0
30.5 30.0 1.0
31.0 30.5 1.0
-1
30.5 30.0 0.0
30.5 30.0 1.0
31.0 30.5 0.0
-1
30.5 29.0 1.0
30.5 29.0 0.0
30.0 28.5 0.0
-1
30.0 28.5 1.0
30.5 29.0 1.0
30.0 28.5 0.0
-1
39.0 27.0 0.5
39.5 26.0 1.0
39.0 26.0 0.5
-1
39.5 27.0 1.0
39.5 26.0 1.0
39.0 27.0 0.5
-1
37.0 30.5 1.0
37.5 30.0 0.0
37.0 30.5 0.0
-1
37.5 30.0 1.0
37.5 30.0 0.0
37.0 30.5 1.0
-1
33.0 21.5 1.0
33.0 21.5 0.0
34.0 21.5 1.0
-1
34.0 21.5 1.0
33.0 21.5 0.0
34.0 21.5 0.0
-1
